0 0.2515625 0.57890625 0.05 0.0390625
0 0.2859375 0.61953125 0.01875 0.0203125
0 0.30546875 0.61484375 0.0203125 0.0140625
0 0.2234375 0.84140625 0.0375 0.0421875
0 0.20390625 0.8125 0.0234375 0.040625
0 0.225 0.7921875 0.025 0.053125
0 0.23828125 0.7375 0.0265625 0.05625
0 0.30234375 0.89140625 0.0140625 0.0171875
0 0.253125 0.690625 0.015625 0.0375
0 0.25625 0.66171875 0.021875 0.0203125
0 0.2640625 0.64921875 0.0125 0.0109375
0 0.2703125 0.6421875 0.009375 0.0125
0 0.01484375 0.7765625 0.0140625 0.015625