0 0.5972696245733788 0.46495956873315364 0.034129692832764506 0.16442048517520216
0 0.613481228668942 0.5714285714285714 0.02901023890784983 0.05390835579514825
0 0.613481228668942 0.3221024258760108 0.03924914675767918 0.1320754716981132
0 0.628839590443686 0.22911051212938005 0.025597269624573378 0.07008086253369272
0 0.6348122866894198 0.16981132075471697 0.040955631399317405 0.04851752021563342
0 0.6723549488054608 0.11994609164420485 0.023890784982935155 0.04043126684636118
0 0.7022184300341296 0.11859838274932614 0.015358361774744027 0.03234501347708895
0 0.2363481228668942 0.3692722371967655 0.042662116040955635 0.0646900269541779
0 0.23037542662116042 0.4191374663072776 0.027303754266211604 0.05660377358490566
0 0.25341296928327645 0.2857142857142857 0.011945392491467578 0.0215633423180593
0 0.2696245733788396 0.2169811320754717 0.010238907849829351 0.02425876010781671
0 0.2858361774744027 0.14016172506738545 0.015358361774744027 0.0215633423180593