0 0.3484375 0.51171875 0.075 0.1203125
0 0.3765625 0.62734375 0.04375 0.1109375
0 0.39375 0.696875 0.028125 0.0375
0 0.4078125 0.725 0.0375 0.04375
0 0.40078125 0.75625 0.0234375 0.025
0 0.4015625 0.77421875 0.0125 0.0203125
0 0.4 0.84140625 0.0375 0.0390625
0 0.74921875 0.53046875 0.0390625 0.0421875
0 0.753125 0.56484375 0.0375 0.0390625
0 0.78046875 0.59921875 0.0140625 0.0328125
0 0.73984375 0.6859375 0.0203125 0.0125
0 0.47421875 0.8140625 0.1015625 0.078125
0 0.53515625 0.78984375 0.0203125 0.0234375
0 0.559375 0.78046875 0.040625 0.0171875
0 0.79609375 0.6859375 0.0234375 0.025
0 0.82265625 0.76015625 0.0203125 0.0171875
0 0.8578125 0.83203125 0.03125 0.0359375
0 0.753125 0.7859375 0.01875 0.015625
0 0.70625 0.771875 0.040625 0.01875
0 0.6125 0.53984375 0.0125 0.0140625
0 0.378125 0.9015625 0.028125 0.021875