0 0.29921875 0.19921875 0.0265625 0.0203125
0 0.26015625 0.18671875 0.0234375 0.0234375
0 0.2203125 0.175 0.040625 0.034375
0 0.190625 0.16796875 0.01875 0.0265625
0 0.77578125 0.14453125 0.0515625 0.0453125
0 0.8078125 0.19296875 0.021875 0.0359375
0 0.70234375 0.11171875 0.0359375 0.0171875
0 0.67578125 0.09921875 0.0234375 0.0203125
0 0.646875 0.0828125 0.03125 0.046875
0 0.584375 0.07890625 0.053125 0.0328125
0 0.4578125 0.04453125 0.128125 0.0546875
0 0.5359375 0.07265625 0.05 0.0328125
0 0.31015625 0.021875 0.1671875 0.040625