0 0.68125 0.95078125 0.04375 0.0390625
0 0.7046875 0.9703125 0.075 0.053125
0 0.07109375 0.0109375 0.0296875 0.01875
0 0.0953125 0.06875 0.046875 0.090625
0 0.1078125 0.121875 0.01875 0.0125
0 0.10859375 0.1375 0.0171875 0.015625
0 0.12109375 0.1640625 0.0328125 0.034375
0 0.14140625 0.1921875 0.0296875 0.04375
0 0.140625 0.2265625 0.021875 0.025
0 0.1421875 0.24765625 0.01875 0.0171875
0 0.15625 0.3203125 0.025 0.040625
0 0.221875 0.2953125 0.0875 0.08125
0 0.1453125 0.38828125 0.015625 0.0234375