0 0.15546875 0.6625 0.0265625 0.05625
0 0.2140625 0.475 0.0375 0.04375
0 0.20546875 0.45 0.0296875 0.034375
0 0.1296875 0.30234375 0.025 0.0359375
0 0.1578125 0.32421875 0.0125 0.0203125
0 0.17265625 0.3671875 0.0171875 0.01875
0 0.18125 0.4046875 0.015625 0.025
0 0.22265625 0.2921875 0.0140625 0.015625
0 0.48984375 0.29140625 0.0234375 0.0296875
0 0.48984375 0.32890625 0.0328125 0.0234375
0 0.50546875 0.35703125 0.0234375 0.0265625
0 0.52890625 0.4140625 0.0484375 0.06875
0 0.55078125 0.46640625 0.0296875 0.0484375
0 0.58671875 0.53125 0.0515625 0.059375