0 0.5119453924914675 0.24528301886792453 0.020477815699658702 0.05390835579514825
0 0.5409556313993175 0.27897574123989216 0.013651877133105802 0.02425876010781671
0 0.6126279863481229 0.23180592991913745 0.013651877133105802 0.016172506738544475
0 0.5546075085324232 0.3557951482479784 0.027303754266211604 0.0215633423180593
0 0.5955631399317406 0.49595687331536387 0.034129692832764506 0.05390835579514825
0 0.6040955631399317 0.5471698113207547 0.034129692832764506 0.0646900269541779
0 0.9010238907849829 0.2210242587601078 0.027303754266211604 0.04851752021563342
0 0.9052901023890785 0.2830188679245283 0.025597269624573378 0.04851752021563342
0 0.9215017064846417 0.3423180592991914 0.023890784982935155 0.0431266846361186
0 0.9453924914675768 0.42452830188679247 0.040955631399317405 0.12129380053908356
0 0.976962457337884 0.5592991913746631 0.04607508532423208 0.13746630727762804