0 0.27578125 0.33828125 0.2046875 0.0734375
0 0.503125 0.3078125 0.2375 0.05625
0 0.6515625 0.28203125 0.0375 0.0390625
0 0.68984375 0.2859375 0.0296875 0.03125
0 0.72109375 0.28828125 0.0234375 0.0171875
0 0.8265625 0.2296875 0.078125 0.071875
0 0.80234375 0.290625 0.0390625 0.034375
0 0.8609375 0.31875 0.015625 0.025
0 0.77109375 0.7171875 0.0328125 0.021875
0 0.33984375 0.50078125 0.0328125 0.0234375
0 0.29765625 0.503125 0.0359375 0.03125
0 0.2625 0.5109375 0.034375 0.03125
0 0.2171875 0.515625 0.021875 0.021875